0	MKSite1_10	0	0.0815495	0.0560707	0.0681168	0.0334518	0.0584539	0.0333218	0.0334518	0.0316752	0.0323685	0.0605338	0.0341451	0.0334951	0.0337551	0.0567207	0.0597972	0.0532975	0.0902591	0.0873559	0.0899991	0.0866193	0.0832828	0.0862726	0.0863593	0.0417281	0.379149	0.450906	0.450732	0.451946	0.452032	0.452552	0.449649	0.455325	0.392885	0.345221	0.459052	0.471791	0.463645	0.350074	0.29149	0.220296	0.27784	0.302929	0.479374	0.301413	0.452206	0.468195	0.457622	0.470535	0.466592	0.470708	0.472138	0.464858	0.450732	0.449736	0.243349	0.246079	0.475951	0.464988	0.465118	0.465465	0.467458	0.456669	0.465378	0.463385
0	MKSite1_11	0.0815495	0	0.0617038	0.0482711	0.0805096	0.0719733	0.0811595	0.0799896	0.0801196	0.0822862	0.0555074	0.0813762	0.0810729	0.0829795	0.0602739	0.0727099	0.064997	0.0700667	0.0676835	0.0692868	0.0655603	0.0660369	0.0654736	0.0673802	0.0821128	0.382529	0.454199	0.455065	0.455239	0.454285	0.456019	0.453549	0.457665	0.395312	0.34652	0.463558	0.473698	0.466765	0.34912	0.29461	0.217437	0.27602	0.300243	0.478681	0.299679	0.455152	0.469495	0.458315	0.468801	0.469018	0.475041	0.471705	0.465292	0.453765	0.454155	0.238062	0.246252	0.474305	0.469581	0.465985	0.469711	0.468498	0.458142	0.466678	0.461218
0	MKSite1_12	0.0560707	0.0617038	0	0.050351	0.0563307	0.0498743	0.0568073	0.0557241	0.0555074	0.0550741	0.0469278	0.0569373	0.0544675	0.0544675	0.0354017	0.0493977	0.0499177	0.0756998	0.0742699	0.0747465	0.0724933	0.0729699	0.0744865	0.0749198	0.0589739	0.376202	0.451772	0.451946	0.453246	0.452379	0.454459	0.448002	0.456105	0.387165	0.342881	0.460179	0.471705	0.463472	0.348427	0.291663	0.21761	0.275154	0.29435	0.479981	0.29422	0.448739	0.467588	0.456495	0.470275	0.467632	0.472355	0.471705	0.465118	0.451772	0.449736	0.238149	0.246598	0.473698	0.466375	0.465205	0.464598	0.466852	0.456755	0.464512	0.460612
0	MKSite1_13	0.0681168	0.0482711	0.050351	0	0.0675102	0.0607938	0.0685068	0.0688101	0.0673802	0.0685068	0.0495277	0.0694168	0.0702401	0.0690268	0.0496144	0.0609238	0.0597105	0.0768264	0.0729699	0.0750932	0.0694601	0.0688968	0.0711933	0.0725799	0.0702401	0.377936	0.451946	0.451339	0.453159	0.451859	0.453852	0.449736	0.455239	0.390285	0.344787	0.461392	0.473871	0.462605	0.348427	0.29149	0.21813	0.277407	0.295563	0.477294	0.297686	0.450126	0.469061	0.456929	0.468801	0.467025	0.473221	0.470405	0.464945	0.452292	0.453895	0.239362	0.245732	0.473438	0.468281	0.466678	0.463992	0.468931	0.456322	0.464252	0.461652
0	MKSite1_14	0.0334518	0.0805096	0.0563307	0.0675102	0	0.0595806	0.0329751	0.0329318	0.0311552	0.0340151	0.0612271	0.0329318	0.0343617	0.0333218	0.056894	0.0595372	0.0523442	0.0895658	0.0866626	0.0898258	0.0860127	0.0842361	0.0855793	0.0878326	0.0411214	0.379669	0.449346	0.449866	0.450906	0.450646	0.451512	0.448262	0.452986	0.393838	0.345047	0.458185	0.473351	0.464945	0.349294	0.290883	0.220123	0.27784	0.305962	0.478681	0.299419	0.452206	0.468801	0.457622	0.469495	0.464685	0.472095	0.471185	0.465205	0.450386	0.448262	0.241875	0.246252	0.476124	0.465335	0.465985	0.465638	0.468238	0.458749	0.464945	0.460612
0	MKSite1_15	0.0584539	0.0719733	0.0498743	0.0607938	0.0595806	0	0.0579773	0.056634	0.0579773	0.0583239	0.0584106	0.0588006	0.0592772	0.0598839	0.049051	0.0413814	0.0557674	0.0734899	0.0644337	0.0715833	0.0607505	0.0594072	0.064477	0.0613571	0.0613571	0.371219	0.449649	0.449909	0.450516	0.449909	0.451122	0.446313	0.452336	0.384349	0.341971	0.458662	0.471141	0.461262	0.34873	0.293266	0.22008	0.276757	0.292833	0.476124	0.292963	0.447482	0.467112	0.454545	0.467285	0.464902	0.471791	0.469841	0.460655	0.451122	0.450472	0.241919	0.247075	0.473915	0.464078	0.462562	0.463948	0.465508	0.454719	0.463428	0.459702
0	MKSite1_16	0.0333218	0.0811595	0.0568073	0.0685068	0.0329751	0.0579773	0	0.0338418	0.0337118	0.0331918	0.0606638	0.0341017	0.0323252	0.0333651	0.0565907	0.0591472	0.0520409	0.0904758	0.0872259	0.0881359	0.0851894	0.0837594	0.0840627	0.0849294	0.0424647	0.376766	0.448609	0.448262	0.450602	0.449996	0.450082	0.447959	0.451902	0.394315	0.344917	0.459875	0.471401	0.463948	0.350637	0.292313	0.2219	0.27849	0.304532	0.476211	0.299896	0.453202	0.468065	0.455932	0.470318	0.466288	0.471878	0.470881	0.465335	0.450342	0.449432	0.242005	0.247422	0.475041	0.464425	0.464642	0.464902	0.467155	0.457319	0.464988	0.461435
0	MKSite1_17	0.0334518	0.0799896	0.0557241	0.0688101	0.0329318	0.056634	0.0338418	0	0.0321085	0.0324552	0.0604472	0.0318918	0.0335818	0.0341884	0.0558541	0.0604905	0.0521709	0.0892192	0.0877026	0.0893925	0.0847127	0.0839761	0.0847994	0.0858393	0.0433746	0.377069	0.449432	0.449519	0.451339	0.450386	0.451166	0.448262	0.452726	0.392365	0.344874	0.458965	0.471791	0.461738	0.34912	0.290363	0.21891	0.278707	0.302929	0.478248	0.298899	0.450992	0.467328	0.455369	0.470188	0.466765	0.470188	0.471011	0.463905	0.448566	0.447656	0.242742	0.245992	0.473611	0.465335	0.464685	0.462865	0.467025	0.456062	0.464338	0.460612
0	MKSite1_1	0.0316752	0.0801196	0.0555074	0.0673802	0.0311552	0.0579773	0.0337118	0.0321085	0	0.0313719	0.0593639	0.0330618	0.0332784	0.0324118	0.0551174	0.0584539	0.0528209	0.0881359	0.0868793	0.0881359	0.085276	0.0842794	0.0842361	0.0864026	0.0420314	0.378326	0.449736	0.450429	0.451642	0.451642	0.452509	0.449259	0.454675	0.392582	0.344657	0.460049	0.472961	0.463602	0.34821	0.29136	0.219386	0.277797	0.302973	0.480198	0.298596	0.452336	0.468585	0.456539	0.469798	0.464988	0.472745	0.470621	0.465422	0.449389	0.448652	0.243392	0.244822	0.475301	0.465205	0.464382	0.464642	0.466028	0.456539	0.463168	0.461348
0	MKSite1_2	0.0323685	0.0822862	0.0550741	0.0685068	0.0340151	0.0583239	0.0331918	0.0324552	0.0313719	0	0.0606638	0.0324552	0.0335384	0.0334518	0.056764	0.0597539	0.0527342	0.0893492	0.0873993	0.0887425	0.0857093	0.0852327	0.0851894	0.0864026	0.0438513	0.379279	0.449822	0.448869	0.450602	0.451556	0.450429	0.448566	0.453809	0.392148	0.344917	0.458749	0.473221	0.463862	0.348124	0.291533	0.21956	0.276844	0.304099	0.479071	0.301109	0.451816	0.467805	0.457059	0.470405	0.466635	0.472311	0.471488	0.465768	0.450342	0.448479	0.243565	0.247855	0.475474	0.465032	0.464555	0.463688	0.468195	0.456452	0.463255	0.461695
0	MKSite1_3	0.0605338	0.0555074	0.0469278	0.0495277	0.0612271	0.0584106	0.0606638	0.0604472	0.0593639	0.0606638	0	0.0612271	0.0609238	0.0614438	0.0452379	0.057414	0.0542941	0.0758298	0.0758731	0.0771297	0.0731433	0.0730999	0.0740099	0.0746165	0.0629171	0.375639	0.449216	0.449736	0.451122	0.450342	0.451816	0.447872	0.454675	0.388335	0.345437	0.459269	0.469235	0.463255	0.348644	0.292746	0.21878	0.275717	0.295953	0.475604	0.298163	0.448349	0.468325	0.456105	0.467545	0.465162	0.470058	0.469495	0.463515	0.451296	0.450472	0.239059	0.245342	0.470795	0.464252	0.463342	0.463515	0.465075	0.453939	0.462302	0.459355
0	MKSite1_4	0.0341451	0.0813762	0.0569373	0.0694168	0.0329318	0.0588006	0.0341017	0.0318918	0.0330618	0.0324552	0.0612271	0	0.0344484	0.0343617	0.0551608	0.0596239	0.0533842	0.0899991	0.0866626	0.0888725	0.086186	0.0845827	0.0849727	0.0865326	0.0437213	0.380189	0.450039	0.450819	0.452812	0.452639	0.453246	0.450082	0.454285	0.390892	0.345481	0.459312	0.472745	0.464252	0.34964	0.29305	0.217437	0.278534	0.304142	0.480848	0.299333	0.451339	0.467502	0.457189	0.470188	0.466505	0.471835	0.472311	0.465118	0.450039	0.448696	0.241789	0.245992	0.476038	0.465768	0.464858	0.465898	0.467112	0.458402	0.464945	0.462605
0	MKSite1_5	0.0334951	0.0810729	0.0544675	0.0702401	0.0343617	0.0592772	0.0323252	0.0335818	0.0332784	0.0335384	0.0609238	0.0344484	0	0.0318918	0.0558974	0.0604472	0.0518676	0.0905624	0.0880926	0.0900425	0.085796	0.0843661	0.0867493	0.0864026	0.0448046	0.378672	0.449129	0.449129	0.451382	0.451382	0.451729	0.448132	0.453202	0.393882	0.345264	0.459095	0.472788	0.464555	0.348904	0.29084	0.218866	0.277104	0.303406	0.478811	0.298076	0.453116	0.467891	0.456625	0.470318	0.468281	0.471705	0.471575	0.465248	0.451382	0.449259	0.242525	0.245689	0.474435	0.464858	0.465335	0.465335	0.467935	0.457405	0.465855	0.461002
0	MKSite1_6	0.0337551	0.0829795	0.0544675	0.0690268	0.0333218	0.0598839	0.0333651	0.0341884	0.0324118	0.0334518	0.0614438	0.0343617	0.0318918	0	0.0548574	0.0607938	0.0534275	0.0900425	0.0881792	0.0905624	0.0871826	0.084886	0.0868359	0.0887425	0.0445446	0.379626	0.448869	0.447569	0.449476	0.450516	0.450776	0.446919	0.452769	0.393535	0.342751	0.458922	0.471228	0.463255	0.348557	0.289973	0.218173	0.27589	0.301413	0.478811	0.297383	0.451296	0.467545	0.457145	0.469798	0.465508	0.471271	0.470535	0.465075	0.449649	0.447699	0.240965	0.245775	0.474348	0.465118	0.464122	0.464988	0.468801	0.457752	0.463775	0.460828
0	MKSite1_7	0.0567207	0.0602739	0.0354017	0.0496144	0.056894	0.049051	0.0565907	0.0558541	0.0551174	0.056764	0.0452379	0.0551608	0.0558974	0.0548574	0	0.0485744	0.050481	0.0762631	0.0747465	0.0759165	0.0742699	0.0729266	0.0742699	0.0757431	0.0587573	0.377806	0.452422	0.452769	0.454155	0.453116	0.455542	0.449086	0.456842	0.386862	0.344224	0.461088	0.471575	0.462215	0.34873	0.29266	0.21904	0.27563	0.293873	0.480544	0.29409	0.449476	0.467805	0.456365	0.469538	0.466462	0.471358	0.470361	0.463255	0.451469	0.451859	0.238886	0.246295	0.472441	0.467978	0.465162	0.464468	0.467242	0.456799	0.463948	0.460742
0	MKSite1_8	0.0597972	0.0727099	0.0493977	0.0609238	0.0595372	0.0413814	0.0591472	0.0604905	0.0584539	0.0597539	0.057414	0.0596239	0.0604472	0.0607938	0.0485744	0	0.0558107	0.0763931	0.0648236	0.0751798	0.0610538	0.0620504	0.0656469	0.0650403	0.0630471	0.374209	0.450212	0.450386	0.450732	0.451686	0.452206	0.447742	0.454545	0.383179	0.342967	0.459312	0.471878	0.462432	0.347994	0.292183	0.21917	0.274807	0.289756	0.477814	0.29344	0.447092	0.467935	0.454935	0.468628	0.464945	0.473655	0.471271	0.463558	0.449866	0.449129	0.239102	0.245039	0.473611	0.464988	0.464165	0.463385	0.464598	0.454502	0.462692	0.460872
0	MKSite1_9	0.0532975	0.064997	0.0499177	0.0597105	0.0523442	0.0557674	0.0520409	0.0521709	0.0528209	0.0527342	0.0542941	0.0533842	0.0518676	0.0534275	0.050481	0.0558107	0	0.0768264	0.0750498	0.077953	0.0733599	0.0721033	0.0741399	0.0737066	0.0583673	0.376289	0.450472	0.450992	0.452292	0.450732	0.451772	0.448609	0.454719	0.391152	0.345394	0.459399	0.472225	0.461825	0.349207	0.29253	0.22125	0.277754	0.298769	0.477641	0.297426	0.451599	0.467155	0.455369	0.468108	0.467112	0.470621	0.471011	0.464598	0.450992	0.450256	0.240315	0.246772	0.474911	0.465422	0.465898	0.465985	0.467112	0.456322	0.464598	0.462258
0	MKSite2_1	0.0902591	0.0700667	0.0756998	0.0768264	0.0895658	0.0734899	0.0904758	0.0892192	0.0881359	0.0893492	0.0758298	0.0899991	0.0905624	0.0900425	0.0762631	0.0763931	0.0768264	0	0.0605338	0.0326718	0.0614438	0.0619204	0.0612705	0.0606638	0.0909958	0.381446	0.458922	0.458142	0.459442	0.458055	0.459529	0.456105	0.461175	0.394488	0.350897	0.464035	0.471921	0.467328	0.350117	0.295693	0.223633	0.276757	0.302626	0.481931	0.298943	0.458662	0.473351	0.463558	0.473438	0.470708	0.478204	0.473481	0.468195	0.459095	0.458012	0.245212	0.248462	0.475388	0.474218	0.468715	0.472875	0.471141	0.458879	0.467935	0.464035
0	MKSite2_2	0.0873559	0.0676835	0.0742699	0.0729699	0.0866626	0.0644337	0.0872259	0.0877026	0.0868793	0.0873993	0.0758731	0.0866626	0.0880926	0.0881792	0.0747465	0.0648236	0.0750498	0.0605338	0	0.0597539	0.0438946	0.043678	0.0420747	0.0403415	0.0894792	0.377502	0.455239	0.454112	0.455152	0.454719	0.455239	0.452162	0.456279	0.392278	0.347387	0.459139	0.469278	0.465118	0.346174	0.29435	0.219776	0.272901	0.297296	0.479114	0.297513	0.455325	0.471055	0.459355	0.468975	0.465898	0.475474	0.470145	0.464598	0.453939	0.454069	0.238322	0.245645	0.470405	0.468975	0.464945	0.468845	0.465812	0.454329	0.464165	0.460612
0	MKSite2_3	0.0899991	0.0692868	0.0747465	0.0750932	0.0898258	0.0715833	0.0881359	0.0893925	0.0881359	0.0887425	0.0771297	0.0888725	0.0900425	0.0905624	0.0759165	0.0751798	0.077953	0.0326718	0.0597539	0	0.0597105	0.0606205	0.0598839	0.0596239	0.0903025	0.379452	0.458749	0.457622	0.459355	0.457709	0.458402	0.455152	0.460135	0.394662	0.35003	0.465162	0.472268	0.467068	0.349857	0.296386	0.22372	0.276497	0.302453	0.481324	0.297903	0.458229	0.472485	0.464165	0.475691	0.469841	0.477251	0.471748	0.467155	0.458749	0.457492	0.243999	0.249502	0.475734	0.472918	0.468888	0.472701	0.470275	0.458445	0.468281	0.463168
0	MKSite2_4	0.0866193	0.0655603	0.0724933	0.0694601	0.0860127	0.0607505	0.0851894	0.0847127	0.085276	0.0857093	0.0731433	0.086186	0.085796	0.0871826	0.0742699	0.0610538	0.0733599	0.0614438	0.0438946	0.0597105	0	0.0389548	0.043418	0.0420314	0.0881359	0.375639	0.454762	0.454415	0.455109	0.454329	0.455455	0.453592	0.457102	0.394748	0.349077	0.460049	0.471055	0.465768	0.348124	0.296213	0.2206	0.273117	0.299593	0.477424	0.298076	0.454675	0.469885	0.458272	0.467198	0.465595	0.475778	0.470275	0.464122	0.454155	0.455152	0.241659	0.248115	0.471575	0.469625	0.466722	0.468455	0.466202	0.455759	0.464728	0.459962
0	MKSite2_5	0.0832828	0.0660369	0.0729699	0.0688968	0.0842361	0.0594072	0.0837594	0.0839761	0.0842794	0.0852327	0.0730999	0.0845827	0.0843661	0.084886	0.0729266	0.0620504	0.0721033	0.0619204	0.043678	0.0606205	0.0389548	0	0.0365283	0.0396481	0.0887859	0.375596	0.452639	0.451772	0.451946	0.452812	0.453159	0.449649	0.454025	0.392885	0.347127	0.458705	0.470405	0.463298	0.3473	0.296343	0.220123	0.272554	0.298683	0.476688	0.298033	0.452466	0.469408	0.458489	0.469321	0.465638	0.474868	0.471445	0.460265	0.452552	0.452422	0.239795	0.247118	0.471098	0.468888	0.465118	0.467372	0.466418	0.455715	0.463905	0.458965
0	MKSite2_6	0.0862726	0.0654736	0.0744865	0.0711933	0.0855793	0.064477	0.0840627	0.0847994	0.0842361	0.0851894	0.0740099	0.0849727	0.0867493	0.0868359	0.0742699	0.0656469	0.0741399	0.0612705	0.0420747	0.0598839	0.043418	0.0365283	0	0.042638	0.0867493	0.377286	0.456409	0.455109	0.455455	0.455629	0.456322	0.453246	0.457015	0.395702	0.34821	0.461868	0.472095	0.466635	0.349597	0.298813	0.220946	0.273897	0.300719	0.479418	0.299723	0.455629	0.471011	0.459745	0.471271	0.468628	0.477078	0.472268	0.464035	0.454589	0.455585	0.241485	0.248895	0.473308	0.472225	0.467675	0.471055	0.469495	0.456712	0.466202	0.461348
0	MKSite2_7	0.0863593	0.0673802	0.0749198	0.0725799	0.0878326	0.0613571	0.0849294	0.0858393	0.0864026	0.0864026	0.0746165	0.0865326	0.0864026	0.0887425	0.0757431	0.0650403	0.0737066	0.0606638	0.0403415	0.0596239	0.0420314	0.0396481	0.042638	0	0.0885692	0.375552	0.453549	0.453289	0.452422	0.451989	0.453895	0.450559	0.455195	0.394055	0.346564	0.459702	0.469061	0.464035	0.347084	0.29526	0.223286	0.273291	0.298466	0.475258	0.299116	0.454155	0.471531	0.458705	0.469798	0.467068	0.475604	0.471921	0.462735	0.454329	0.454805	0.241659	0.248115	0.472875	0.470405	0.464122	0.468801	0.466375	0.454979	0.464208	0.459875
0	MKSite3_1	0.0417281	0.0821128	0.0589739	0.0702401	0.0411214	0.0613571	0.0424647	0.0433746	0.0420314	0.0438513	0.0629171	0.0437213	0.0448046	0.0445446	0.0587573	0.0630471	0.0583673	0.0909958	0.0894792	0.0903025	0.0881359	0.0887859	0.0867493	0.0885692	0	0.379452	0.451122	0.452076	0.453116	0.453549	0.453635	0.449866	0.454935	0.391715	0.348384	0.461175	0.473741	0.467155	0.35029	0.294133	0.219646	0.27641	0.302886	0.479331	0.299463	0.452942	0.470578	0.458879	0.471705	0.468281	0.472051	0.472875	0.466895	0.452422	0.452032	0.243305	0.245862	0.477641	0.466938	0.467415	0.466028	0.470881	0.458879	0.465508	0.463602
0	Wild_P121TX2094	0.379149	0.382529	0.376202	0.377936	0.379669	0.371219	0.376766	0.377069	0.378326	0.379279	0.375639	0.380189	0.378672	0.379626	0.377806	0.374209	0.376289	0.381446	0.377502	0.379452	0.375639	0.375596	0.377286	0.375552	0.379452	0	0.224023	0.227749	0.226623	0.229396	0.225323	0.224326	0.226709	0.301889	0.28343	0.236329	0.255395	0.266834	0.377372	0.303709	0.444059	0.42872	0.376939	0.229613	0.371523	0.257821	0.282823	0.242959	0.278664	0.28122	0.253445	0.28278	0.250975	0.234682	0.233166	0.41988	0.425817	0.273854	0.240012	0.255135	0.259988	0.28226	0.282217	0.28356	0.234162
0	Cultivar_P115HAU041	0.450906	0.454199	0.451772	0.451946	0.449346	0.449649	0.448609	0.449432	0.449736	0.449822	0.449216	0.450039	0.449129	0.448869	0.452422	0.450212	0.450472	0.458922	0.455239	0.458749	0.454762	0.452639	0.456409	0.453549	0.451122	0.224023	0	0.0318052	0.0361383	0.0376982	0.0317185	0.0348817	0.0424647	0.264711	0.321648	0.0710634	0.122194	0.121414	0.382832	0.372433	0.525782	0.474651	0.428243	0.0870526	0.393795	0.104775	0.143297	0.0821995	0.138097	0.14204	0.112098	0.149493	0.107635	0.0466245	0.0444146	0.480631	0.468021	0.137274	0.0886992	0.126181	0.118381	0.14698	0.158463	0.147153	0.0682035
0	Cultivar_P115HAU059	0.450732	0.455065	0.451946	0.451339	0.449866	0.449909	0.448262	0.449519	0.450429	0.448869	0.449736	0.450819	0.449129	0.447569	0.452769	0.450386	0.450992	0.458142	0.454112	0.457622	0.454415	0.451772	0.455109	0.453289	0.452076	0.227749	0.0318052	0	0.0341451	0.0353583	0.0303319	0.0349684	0.0416847	0.263411	0.321995	0.0704567	0.124101	0.119421	0.383352	0.373213	0.525782	0.473871	0.42755	0.0891325	0.392495	0.103475	0.14451	0.0831528	0.138357	0.14126	0.116258	0.149926	0.107548	0.0464512	0.041988	0.479851	0.469061	0.13684	0.0909524	0.126441	0.119421	0.145593	0.156989	0.14438	0.0670769
0	Cultivar_P115HAU066	0.451946	0.455239	0.453246	0.453159	0.450906	0.450516	0.450602	0.451339	0.451642	0.450602	0.451122	0.452812	0.451382	0.449476	0.454155	0.450732	0.452292	0.459442	0.455152	0.459355	0.455109	0.451946	0.455455	0.452422	0.453116	0.226623	0.0361383	0.0341451	0	0.0396915	0.0350117	0.0347084	0.0408181	0.264278	0.319308	0.0707167	0.123061	0.119594	0.384305	0.370699	0.526909	0.474131	0.429283	0.0885259	0.395182	0.104862	0.14373	0.0821128	0.139224	0.1423	0.114958	0.150793	0.106682	0.0465378	0.0463212	0.481324	0.470795	0.138054	0.0911257	0.126354	0.119074	0.147933	0.158463	0.1475	0.0645637
0	Cultivar_P115HAU094	0.452032	0.454285	0.452379	0.451859	0.450646	0.449909	0.449996	0.450386	0.451642	0.451556	0.450342	0.452639	0.451382	0.450516	0.453116	0.451686	0.450732	0.458055	0.454719	0.457709	0.454329	0.452812	0.455629	0.451989	0.453549	0.229396	0.0376982	0.0353583	0.0396915	0	0.0377849	0.0399081	0.0439379	0.265058	0.320522	0.0722766	0.125141	0.119594	0.383352	0.372173	0.524482	0.473785	0.428157	0.0914724	0.394488	0.103908	0.143643	0.085146	0.13801	0.141693	0.115651	0.151746	0.107548	0.049051	0.0458879	0.478811	0.469408	0.136234	0.0905191	0.127914	0.119334	0.147846	0.158723	0.146287	0.0669035
0	Cultivar_P115HAU101	0.452552	0.456019	0.454459	0.453852	0.451512	0.451122	0.450082	0.451166	0.452509	0.450429	0.451816	0.453246	0.451729	0.450776	0.455542	0.452206	0.451772	0.459529	0.455239	0.458402	0.455455	0.453159	0.456322	0.453895	0.453635	0.225323	0.0317185	0.0303319	0.0350117	0.0377849	0	0.0367016	0.041858	0.266184	0.321562	0.0727099	0.124361	0.118988	0.384479	0.373299	0.527429	0.476124	0.43015	0.0860127	0.396135	0.104168	0.142777	0.0853194	0.13697	0.141693	0.115911	0.14984	0.108242	0.0481844	0.0458012	0.482104	0.470361	0.136494	0.0913857	0.126787	0.120548	0.145593	0.157769	0.1462	0.0658636
0	Cultivar_P115HAU146	0.449649	0.453549	0.448002	0.449736	0.448262	0.446313	0.447959	0.448262	0.449259	0.448566	0.447872	0.450082	0.448132	0.446919	0.449086	0.447742	0.448609	0.456105	0.452162	0.455152	0.453592	0.449649	0.453246	0.450559	0.449866	0.224326	0.0348817	0.0349684	0.0347084	0.0399081	0.0367016	0	0.0395615	0.261288	0.319092	0.0699801	0.123798	0.118338	0.380276	0.370049	0.526085	0.472355	0.424907	0.0885692	0.392452	0.101439	0.140653	0.0820695	0.13762	0.139657	0.114481	0.147196	0.105945	0.0459745	0.0461045	0.479461	0.467891	0.136277	0.0902158	0.124838	0.119291	0.145983	0.155733	0.143903	0.0644337
0	Cultivar_P115HAU242	0.455325	0.457665	0.456105	0.455239	0.452986	0.452336	0.451902	0.452726	0.454675	0.453809	0.454675	0.454285	0.453202	0.452769	0.456842	0.454545	0.454719	0.461175	0.456279	0.460135	0.457102	0.454025	0.457015	0.455195	0.454935	0.226709	0.0424647	0.0416847	0.0408181	0.0439379	0.041858	0.0395615	0	0.267224	0.321908	0.0740099	0.128001	0.123928	0.385692	0.375379	0.529509	0.476471	0.43093	0.0883525	0.397175	0.107635	0.145203	0.0876592	0.13957	0.141867	0.118858	0.151486	0.107462	0.057544	0.0530809	0.483144	0.474001	0.139267	0.0915591	0.129127	0.122888	0.148973	0.160023	0.14828	0.0695034
0	Landrace1_B12BPS1238	0.392885	0.395312	0.387165	0.390285	0.393838	0.384349	0.394315	0.392365	0.392582	0.392148	0.388335	0.390892	0.393882	0.393535	0.386862	0.383179	0.391152	0.394488	0.392278	0.394662	0.394748	0.392885	0.395702	0.394055	0.391715	0.301889	0.264711	0.263411	0.264278	0.265058	0.266184	0.261288	0.267224	0	0.358957	0.272944	0.279617	0.253098	0.383482	0.385302	0.429197	0.36524	0.294566	0.293353	0.308649	0.249372	0.254528	0.265274	0.252968	0.245472	0.277667	0.247985	0.276064	0.262284	0.261548	0.394272	0.399775	0.248505	0.28018	0.27927	0.264278	0.250412	0.252448	0.245299	0.273377
0	Wild_B12TX1996	0.345221	0.34652	0.342881	0.344787	0.345047	0.341971	0.344917	0.344874	0.344657	0.344917	0.345437	0.345481	0.345264	0.342751	0.344224	0.342967	0.345394	0.350897	0.347387	0.35003	0.349077	0.347127	0.34821	0.346564	0.348384	0.28343	0.321648	0.321995	0.319308	0.320522	0.321562	0.319092	0.321908	0.358957	0	0.325115	0.318702	0.340714	0.368923	0.247595	0.401725	0.417844	0.381922	0.340064	0.381792	0.334474	0.347517	0.324638	0.343877	0.348947	0.321865	0.348774	0.333868	0.321562	0.319525	0.397131	0.397435	0.342881	0.334344	0.308822	0.335341	0.34964	0.349944	0.34678	0.328581
0	Landrace2_B12TX0109	0.459052	0.463558	0.460179	0.461392	0.458185	0.458662	0.459875	0.458965	0.460049	0.458749	0.459269	0.459312	0.459095	0.458922	0.461088	0.459312	0.459399	0.464035	0.459139	0.465162	0.460049	0.458705	0.461868	0.459702	0.461175	0.236329	0.0710634	0.0704567	0.0707167	0.0722766	0.0727099	0.0699801	0.0740099	0.272944	0.325115	0	0.131207	0.127394	0.386645	0.379279	0.532888	0.479591	0.433876	0.101265	0.403761	0.118381	0.151876	0.0986654	0.145983	0.148973	0.122758	0.158333	0.110408	0.0693301	0.0679868	0.48973	0.473655	0.142733	0.0958055	0.1345	0.122801	0.155906	0.168082	0.155299	0.0745299
0	Landrace2_B12TX0487	0.471791	0.473698	0.471705	0.473871	0.473351	0.471141	0.471401	0.471791	0.472961	0.473221	0.469235	0.472745	0.472788	0.471228	0.471575	0.471878	0.472225	0.471921	0.469278	0.472268	0.471055	0.470405	0.472095	0.469061	0.473741	0.255395	0.122194	0.124101	0.123061	0.125141	0.124361	0.123798	0.128001	0.279617	0.318702	0.131207	0	0.149493	0.391585	0.376592	0.543375	0.487304	0.441243	0.143817	0.409481	0.148453	0.163836	0.126657	0.159243	0.159459	0.07128	0.164312	0.129041	0.125314	0.125357	0.503943	0.486307	0.15218	0.13853	0.0825895	0.14932	0.163706	0.176575	0.164312	0.128001
0	Landrace1_B12TX2465	0.463645	0.466765	0.463472	0.462605	0.464945	0.461262	0.463948	0.461738	0.463602	0.463862	0.463255	0.464252	0.464555	0.463255	0.462215	0.462432	0.461825	0.467328	0.465118	0.467068	0.465768	0.463298	0.466635	0.464035	0.467155	0.266834	0.121414	0.119421	0.119594	0.119594	0.118988	0.118338	0.123928	0.253098	0.340714	0.127394	0.149493	0	0.388639	0.388292	0.531415	0.474565	0.427983	0.156903	0.395008	0.128521	0.115045	0.13307	0.121284	0.129561	0.147283	0.13424	0.14594	0.117515	0.116778	0.490077	0.471835	0.115175	0.142083	0.153826	0.137967	0.133027	0.143903	0.130514	0.126267
0	Wild_B12TX2276	0.350074	0.34912	0.348427	0.348427	0.349294	0.34873	0.350637	0.34912	0.34821	0.348124	0.348644	0.34964	0.348904	0.348557	0.34873	0.347994	0.349207	0.350117	0.346174	0.349857	0.348124	0.3473	0.349597	0.347084	0.35029	0.377372	0.382832	0.383352	0.384305	0.383352	0.384479	0.380276	0.385692	0.383482	0.368923	0.386645	0.391585	0.388639	0	0.368923	0.360473	0.375639	0.290926	0.403328	0.372519	0.394098	0.401768	0.383222	0.397435	0.397478	0.390155	0.401378	0.397478	0.382312	0.380709	0.357873	0.35419	0.397478	0.396135	0.384479	0.397478	0.397305	0.398301	0.398345	0.386819
0	Wild_B12TX2090	0.29149	0.29461	0.291663	0.29149	0.290883	0.293266	0.292313	0.290363	0.29136	0.291533	0.292746	0.29305	0.29084	0.289973	0.29266	0.292183	0.29253	0.295693	0.29435	0.296386	0.296213	0.296343	0.298813	0.29526	0.294133	0.303709	0.372433	0.373213	0.370699	0.372173	0.373299	0.370049	0.375379	0.385302	0.247595	0.379279	0.376592	0.388292	0.368923	0	0.354147	0.378932	0.370049	0.391888	0.363593	0.384305	0.399168	0.377329	0.397868	0.396352	0.379322	0.399818	0.388465	0.372433	0.372303	0.358133	0.363376	0.396438	0.388942	0.366886	0.389159	0.401031	0.396048	0.394705	0.380926
0	Wild_B12BPS1151	0.220296	0.217437	0.21761	0.21813	0.220123	0.22008	0.2219	0.21891	0.219386	0.21956	0.21878	0.217437	0.218866	0.218173	0.21904	0.21917	0.22125	0.223633	0.219776	0.22372	0.2206	0.220123	0.220946	0.223286	0.219646	0.444059	0.525782	0.525782	0.526909	0.524482	0.527429	0.526085	0.529509	0.429197	0.401725	0.532888	0.543375	0.531415	0.360473	0.354147	0	0.254355	0.295563	0.547491	0.312679	0.524309	0.531892	0.528079	0.528859	0.527515	0.539172	0.535748	0.532715	0.523702	0.523832	0.173325	0.231086	0.536355	0.535792	0.538348	0.534535	0.528469	0.518546	0.527169	0.533322
0	Wild_B12BPS1244	0.27784	0.27602	0.275154	0.277407	0.27784	0.276757	0.27849	0.278707	0.277797	0.276844	0.275717	0.278534	0.277104	0.27589	0.27563	0.274807	0.277754	0.276757	0.272901	0.276497	0.273117	0.272554	0.273897	0.273291	0.27641	0.42872	0.474651	0.473871	0.474131	0.473785	0.476124	0.472355	0.476471	0.36524	0.417844	0.479591	0.487304	0.474565	0.375639	0.378932	0.254355	0	0.271991	0.498093	0.28798	0.470751	0.480761	0.474261	0.473741	0.469538	0.486914	0.468325	0.478378	0.471791	0.472095	0.274547	0.28681	0.477684	0.486914	0.485571	0.476558	0.475258	0.464555	0.468325	0.478638
0	Wild_B12BPS1247	0.302929	0.300243	0.29435	0.295563	0.305962	0.292833	0.304532	0.302929	0.302973	0.304099	0.295953	0.304142	0.303406	0.301413	0.293873	0.289756	0.298769	0.302626	0.297296	0.302453	0.299593	0.298683	0.300719	0.298466	0.302886	0.376939	0.428243	0.42755	0.429283	0.428157	0.43015	0.424907	0.43093	0.294566	0.381922	0.433876	0.441243	0.427983	0.290926	0.370049	0.295563	0.271991	0	0.452986	0.285423	0.422004	0.434526	0.425947	0.432706	0.431797	0.439206	0.432576	0.436823	0.425903	0.42664	0.290016	0.306959	0.434223	0.43782	0.435956	0.429977	0.432403	0.427767	0.42729	0.432923
0	Landrace2_B12TX0240	0.479374	0.478681	0.479981	0.477294	0.478681	0.476124	0.476211	0.478248	0.480198	0.479071	0.475604	0.480848	0.478811	0.478811	0.480544	0.477814	0.477641	0.481931	0.479114	0.481324	0.477424	0.476688	0.479418	0.475258	0.479331	0.229613	0.0870526	0.0891325	0.0885259	0.0914724	0.0860127	0.0885692	0.0883525	0.293353	0.340064	0.101265	0.143817	0.156903	0.403328	0.391888	0.547491	0.498093	0.452986	0	0.42235	0.146763	0.169945	0.122888	0.168819	0.170162	0.137014	0.176748	0.128044	0.105165	0.101482	0.506326	0.492504	0.163836	0.106075	0.15205	0.142343	0.176488	0.185025	0.176142	0.0998787
0	Wild_B12TX0967	0.301413	0.299679	0.29422	0.297686	0.299419	0.292963	0.299896	0.298899	0.298596	0.301109	0.298163	0.299333	0.298076	0.297383	0.29409	0.29344	0.297426	0.298943	0.297513	0.297903	0.298076	0.298033	0.299723	0.299116	0.299463	0.371523	0.393795	0.392495	0.395182	0.394488	0.396135	0.392452	0.397175	0.308649	0.381792	0.403761	0.409481	0.395008	0.372519	0.363593	0.312679	0.28798	0.285423	0.42235	0	0.386342	0.394878	0.399471	0.393145	0.390762	0.407271	0.383482	0.402375	0.390762	0.391325	0.318485	0.320348	0.392755	0.407098	0.408528	0.396222	0.390762	0.378239	0.387209	0.401248
0	Landrace2_B12TX1661	0.452206	0.455152	0.448739	0.450126	0.452206	0.447482	0.453202	0.450992	0.452336	0.451816	0.448349	0.451339	0.453116	0.451296	0.449476	0.447092	0.451599	0.458662	0.455325	0.458229	0.454675	0.452466	0.455629	0.454155	0.452942	0.257821	0.104775	0.103475	0.104862	0.103908	0.104168	0.101439	0.107635	0.249372	0.334474	0.118381	0.148453	0.128521	0.394098	0.384305	0.524309	0.470751	0.422004	0.146763	0.386342	0	0.141823	0.119204	0.13489	0.130341	0.14217	0.131121	0.138314	0.0986221	0.0980588	0.481844	0.462215	0.1332	0.131077	0.148713	0.131207	0.140913	0.149363	0.135714	0.116908
0	Landrace1_B12TX2489	0.468195	0.469495	0.467588	0.469061	0.468801	0.467112	0.468065	0.467328	0.468585	0.467805	0.468325	0.467502	0.467891	0.467545	0.467805	0.467935	0.467155	0.473351	0.471055	0.472485	0.469885	0.469408	0.471011	0.471531	0.470578	0.282823	0.143297	0.14451	0.14373	0.143643	0.142777	0.140653	0.145203	0.254528	0.347517	0.151876	0.163836	0.115045	0.401768	0.399168	0.531892	0.480761	0.434526	0.169945	0.394878	0.141823	0	0.15036	0.113528	0.126137	0.153306	0.13801	0.159763	0.141043	0.141173	0.494107	0.475604	0.111318	0.154693	0.163229	0.144683	0.133937	0.13944	0.126397	0.147803
0	Landrace2_B12TX1721	0.457622	0.458315	0.456495	0.456929	0.457622	0.454545	0.455932	0.455369	0.456539	0.457059	0.456105	0.457189	0.456625	0.457145	0.456365	0.454935	0.455369	0.463558	0.459355	0.464165	0.458272	0.458489	0.459745	0.458705	0.458879	0.242959	0.0821995	0.0831528	0.0821128	0.085146	0.0853194	0.0820695	0.0876592	0.265274	0.324638	0.0986654	0.126657	0.13307	0.383222	0.377329	0.528079	0.474261	0.425947	0.122888	0.399471	0.119204	0.15036	0	0.14256	0.14607	0.121588	0.154909	0.120504	0.078733	0.078863	0.485701	0.469971	0.145723	0.111448	0.129604	0.128997	0.15335	0.169252	0.151356	0.0939856
0	Landrace1_B12TX2487	0.470535	0.468801	0.470275	0.468801	0.469495	0.467285	0.470318	0.470188	0.469798	0.470405	0.467545	0.470188	0.470318	0.469798	0.469538	0.468628	0.468108	0.473438	0.468975	0.475691	0.467198	0.469321	0.471271	0.469798	0.471705	0.278664	0.138097	0.138357	0.139224	0.13801	0.13697	0.13762	0.13957	0.252968	0.343877	0.145983	0.159243	0.121284	0.397435	0.397868	0.528859	0.473741	0.432706	0.168819	0.393145	0.13489	0.113528	0.14256	0	0.123798	0.154606	0.135584	0.156903	0.135584	0.134847	0.490987	0.475864	0.109585	0.153566	0.159156	0.14295	0.134977	0.13918	0.126311	0.14269
0	Landrace1_B12TX1592	0.466592	0.469018	0.467632	0.467025	0.464685	0.464902	0.466288	0.466765	0.464988	0.466635	0.465162	0.466505	0.468281	0.465508	0.466462	0.464945	0.467112	0.470708	0.465898	0.469841	0.465595	0.465638	0.468628	0.467068	0.468281	0.28122	0.14204	0.14126	0.1423	0.141693	0.141693	0.139657	0.141867	0.245472	0.348947	0.148973	0.159459	0.129561	0.397478	0.396352	0.527515	0.469538	0.431797	0.170162	0.390762	0.130341	0.126137	0.14607	0.123798	0	0.15309	0.119334	0.156513	0.13606	0.136277	0.49259	0.476688	0.103389	0.155083	0.158419	0.127481	0.13294	0.140783	0.099142	0.147153
0	Landrace2_B12TX1111	0.470708	0.475041	0.472355	0.473221	0.472095	0.471791	0.471878	0.470188	0.472745	0.472311	0.470058	0.471835	0.471705	0.471271	0.471358	0.473655	0.470621	0.478204	0.475474	0.477251	0.475778	0.474868	0.477078	0.475604	0.472051	0.253445	0.112098	0.116258	0.114958	0.115651	0.115911	0.114481	0.118858	0.277667	0.321865	0.122758	0.07128	0.147283	0.390155	0.379322	0.539172	0.486914	0.439206	0.137014	0.407271	0.14217	0.153306	0.121588	0.154606	0.15309	0	0.157683	0.121284	0.116171	0.115608	0.496967	0.485397	0.14815	0.131901	0.0874859	0.140957	0.160109	0.168559	0.155516	0.120071
0	Landrace1_B12TX1689	0.472138	0.471705	0.471705	0.470405	0.471185	0.469841	0.470881	0.471011	0.470621	0.471488	0.469495	0.472311	0.471575	0.470535	0.470361	0.471271	0.471011	0.473481	0.470145	0.471748	0.470275	0.471445	0.472268	0.471921	0.472875	0.28278	0.149493	0.149926	0.150793	0.151746	0.14984	0.147196	0.151486	0.247985	0.348774	0.158333	0.164312	0.13424	0.401378	0.399818	0.535748	0.468325	0.432576	0.176748	0.383482	0.131121	0.13801	0.154909	0.135584	0.119334	0.157683	0	0.163532	0.1462	0.14633	0.495884	0.478161	0.122021	0.163576	0.164572	0.140133	0.125747	0.13931	0.119421	0.156599
0	Landrace2_B12TX1459	0.464858	0.465292	0.465118	0.464945	0.465205	0.460655	0.465335	0.463905	0.465422	0.465768	0.463515	0.465118	0.465248	0.465075	0.463255	0.463558	0.464598	0.468195	0.464598	0.467155	0.464122	0.460265	0.464035	0.462735	0.466895	0.250975	0.107635	0.107548	0.106682	0.107548	0.108242	0.105945	0.107462	0.276064	0.333868	0.110408	0.129041	0.14594	0.397478	0.388465	0.532715	0.478378	0.436823	0.128044	0.402375	0.138314	0.159763	0.120504	0.156903	0.156513	0.121284	0.163532	0	0.107115	0.107505	0.49311	0.477294	0.149233	0.119984	0.13502	0.1384	0.162146	0.176488	0.164312	0.108588
0	Cultivar_B11SA1465	0.450732	0.453765	0.451772	0.452292	0.450386	0.451122	0.450342	0.448566	0.449389	0.450342	0.451296	0.450039	0.451382	0.449649	0.451469	0.449866	0.450992	0.459095	0.453939	0.458749	0.454155	0.452552	0.454589	0.454329	0.452422	0.234682	0.0466245	0.0464512	0.0465378	0.049051	0.0481844	0.0459745	0.057544	0.262284	0.321562	0.0693301	0.125314	0.117515	0.382312	0.372433	0.523702	0.471791	0.425903	0.105165	0.390762	0.0986221	0.141043	0.078733	0.135584	0.13606	0.116171	0.1462	0.107115	0	0.0440679	0.480371	0.463948	0.136494	0.0913857	0.126701	0.117515	0.144293	0.154996	0.14282	0.0689834
0	Cultivar_B11SA1427	0.449736	0.454155	0.449736	0.453895	0.448262	0.450472	0.449432	0.447656	0.448652	0.448479	0.450472	0.448696	0.449259	0.447699	0.451859	0.449129	0.450256	0.458012	0.454069	0.457492	0.455152	0.452422	0.455585	0.454805	0.452032	0.233166	0.0444146	0.041988	0.0463212	0.0458879	0.0458012	0.0461045	0.0530809	0.261548	0.319525	0.0679868	0.125357	0.116778	0.380709	0.372303	0.523832	0.472095	0.42664	0.101482	0.391325	0.0980588	0.141173	0.078863	0.134847	0.136277	0.115608	0.14633	0.107505	0.0440679	0	0.478508	0.465898	0.133157	0.0909091	0.125617	0.114005	0.143037	0.156946	0.14347	0.0650403
0	Wild_B12TX2211	0.243349	0.238062	0.238149	0.239362	0.241875	0.241919	0.242005	0.242742	0.243392	0.243565	0.239059	0.241789	0.242525	0.240965	0.238886	0.239102	0.240315	0.245212	0.238322	0.243999	0.241659	0.239795	0.241485	0.241659	0.243305	0.41988	0.480631	0.479851	0.481324	0.478811	0.482104	0.479461	0.483144	0.394272	0.397131	0.48973	0.503943	0.490077	0.357873	0.358133	0.173325	0.274547	0.290016	0.506326	0.318485	0.481844	0.494107	0.485701	0.490987	0.49259	0.496967	0.495884	0.49311	0.480371	0.478508	0	0.248418	0.499263	0.49506	0.49649	0.491984	0.49207	0.481628	0.491464	0.489037
0	Wild_B12TX1894	0.246079	0.246252	0.246598	0.245732	0.246252	0.247075	0.247422	0.245992	0.244822	0.247855	0.245342	0.245992	0.245689	0.245775	0.246295	0.245039	0.246772	0.248462	0.245645	0.249502	0.248115	0.247118	0.248895	0.248115	0.245862	0.425817	0.468021	0.469061	0.470795	0.469408	0.470361	0.467891	0.474001	0.399775	0.397435	0.473655	0.486307	0.471835	0.35419	0.363376	0.231086	0.28681	0.306959	0.492504	0.320348	0.462215	0.475604	0.469971	0.475864	0.476688	0.485397	0.478161	0.477294	0.463948	0.465898	0.248418	0	0.478248	0.477424	0.484401	0.478074	0.470188	0.468671	0.473221	0.475128
0	Landrace1_B12TX1935	0.475951	0.474305	0.473698	0.473438	0.476124	0.473915	0.475041	0.473611	0.475301	0.475474	0.470795	0.476038	0.474435	0.474348	0.472441	0.473611	0.474911	0.475388	0.470405	0.475734	0.471575	0.471098	0.473308	0.472875	0.477641	0.273854	0.137274	0.13684	0.138054	0.136234	0.136494	0.136277	0.139267	0.248505	0.342881	0.142733	0.15218	0.115175	0.397478	0.396438	0.536355	0.477684	0.434223	0.163836	0.392755	0.1332	0.111318	0.145723	0.109585	0.103389	0.14815	0.122021	0.149233	0.136494	0.133157	0.499263	0.478248	0	0.151703	0.150273	0.132507	0.122888	0.132897	0.114135	0.141953
0	Landrace2_B12TX1102	0.464988	0.469581	0.466375	0.468281	0.465335	0.464078	0.464425	0.465335	0.465205	0.465032	0.464252	0.465768	0.464858	0.465118	0.467978	0.464988	0.465422	0.474218	0.468975	0.472918	0.469625	0.468888	0.472225	0.470405	0.466938	0.240012	0.0886992	0.0909524	0.0911257	0.0905191	0.0913857	0.0902158	0.0915591	0.28018	0.334344	0.0958055	0.13853	0.142083	0.396135	0.388942	0.535792	0.486914	0.43782	0.106075	0.407098	0.131077	0.154693	0.111448	0.153566	0.155083	0.131901	0.163576	0.119984	0.0913857	0.0909091	0.49506	0.477424	0.151703	0	0.14139	0.127957	0.155603	0.172719	0.159849	0.0945056
0	Landrace2_B12TX1981	0.465118	0.465985	0.465205	0.466678	0.465985	0.462562	0.464642	0.464685	0.464382	0.464555	0.463342	0.464858	0.465335	0.464122	0.465162	0.464165	0.465898	0.468715	0.464945	0.468888	0.466722	0.465118	0.467675	0.464122	0.467415	0.255135	0.126181	0.126441	0.126354	0.127914	0.126787	0.124838	0.129127	0.27927	0.308822	0.1345	0.0825895	0.153826	0.384479	0.366886	0.538348	0.485571	0.435956	0.15205	0.408528	0.148713	0.163229	0.129604	0.159156	0.158419	0.0874859	0.164572	0.13502	0.126701	0.125617	0.49649	0.484401	0.150273	0.14139	0	0.150273	0.162492	0.173455	0.162059	0.133114
0	Landrace2_B12TX0390	0.465465	0.469711	0.464598	0.463992	0.465638	0.463948	0.464902	0.462865	0.464642	0.463688	0.463515	0.465898	0.465335	0.464988	0.464468	0.463385	0.465985	0.472875	0.468845	0.472701	0.468455	0.467372	0.471055	0.468801	0.466028	0.259988	0.118381	0.119421	0.119074	0.119334	0.120548	0.119291	0.122888	0.264278	0.335341	0.122801	0.14932	0.137967	0.397478	0.389159	0.534535	0.476558	0.429977	0.142343	0.396222	0.131207	0.144683	0.128997	0.14295	0.127481	0.140957	0.140133	0.1384	0.117515	0.114005	0.491984	0.478074	0.132507	0.127957	0.150273	0	0.149493	0.157596	0.136147	0.127394
0	Landrace1_B12TX2216	0.467458	0.468498	0.466852	0.468931	0.468238	0.465508	0.467155	0.467025	0.466028	0.468195	0.465075	0.467112	0.467935	0.468801	0.467242	0.464598	0.467112	0.471141	0.465812	0.470275	0.466202	0.466418	0.469495	0.466375	0.470881	0.28226	0.14698	0.145593	0.147933	0.147846	0.145593	0.145983	0.148973	0.250412	0.34964	0.155906	0.163706	0.133027	0.397305	0.401031	0.528469	0.475258	0.432403	0.176488	0.390762	0.140913	0.133937	0.15335	0.134977	0.13294	0.160109	0.125747	0.162146	0.144293	0.143037	0.49207	0.470188	0.122888	0.155603	0.162492	0.149493	0	0.142083	0.129041	0.154086
0	Landrace1_B12TX2226	0.456669	0.458142	0.456755	0.456322	0.458749	0.454719	0.457319	0.456062	0.456539	0.456452	0.453939	0.458402	0.457405	0.457752	0.456799	0.454502	0.456322	0.458879	0.454329	0.458445	0.455759	0.455715	0.456712	0.454979	0.458879	0.282217	0.158463	0.156989	0.158463	0.158723	0.157769	0.155733	0.160023	0.252448	0.349944	0.168082	0.176575	0.143903	0.398301	0.396048	0.518546	0.464555	0.427767	0.185025	0.378239	0.149363	0.13944	0.169252	0.13918	0.140783	0.168559	0.13931	0.176488	0.154996	0.156946	0.481628	0.468671	0.132897	0.172719	0.173455	0.157596	0.142083	0	0.13437	0.164616
0	Landrace1_B12TX1578	0.465378	0.466678	0.464512	0.464252	0.464945	0.463428	0.464988	0.464338	0.463168	0.463255	0.462302	0.464945	0.465855	0.463775	0.463948	0.462692	0.464598	0.467935	0.464165	0.468281	0.464728	0.463905	0.466202	0.464208	0.465508	0.28356	0.147153	0.14438	0.1475	0.146287	0.1462	0.143903	0.14828	0.245299	0.34678	0.155299	0.164312	0.130514	0.398345	0.394705	0.527169	0.468325	0.42729	0.176142	0.387209	0.135714	0.126397	0.151356	0.126311	0.099142	0.155516	0.119421	0.164312	0.14282	0.14347	0.491464	0.473221	0.114135	0.159849	0.162059	0.136147	0.129041	0.13437	0	0.15296
0	Cultivar_B11SA0825	0.463385	0.461218	0.460612	0.461652	0.460612	0.459702	0.461435	0.460612	0.461348	0.461695	0.459355	0.462605	0.461002	0.460828	0.460742	0.460872	0.462258	0.464035	0.460612	0.463168	0.459962	0.458965	0.461348	0.459875	0.463602	0.234162	0.0682035	0.0670769	0.0645637	0.0669035	0.0658636	0.0644337	0.0695034	0.273377	0.328581	0.0745299	0.128001	0.126267	0.386819	0.380926	0.533322	0.478638	0.432923	0.0998787	0.401248	0.116908	0.147803	0.0939856	0.14269	0.147153	0.120071	0.156599	0.108588	0.0689834	0.0650403	0.489037	0.475128	0.141953	0.0945056	0.133114	0.127394	0.154086	0.164616	0.15296	0
